[ETF]
Fundid1=518881
CreationRedemptionUnit=300000
MaxCashRatio=1.00000
Publish=1
CreationRedemption=1
Recordnum=1
EstimateCashComponent=-16439.55
TradingDay=20200430
PreTradingDay=20200429
CashComponent=-16439.55
NAVperCU=1117860.45
NAV=3.7262
TAGTAG
Au9999|»Æ½ð9999|    3000|5|0.10000| 1134300.000|
ENDENDEND
