[ETF]
Fundid1=511311
CreationRedemptionUnit=10000
MaxCashRatio=1.00000
Publish=0
CreationRedemption=1
Recordnum=2
EstimateCashComponent=-236.64
TradingDay=20200430
PreTradingDay=20200429
CashComponent=-141.92
NAVperCU=1160566.80
NAV=116.0567
TAGTAG
019616|19¹úÕ®06|     361|5|0.03000|  388530.420|
019625|19¹úÕ®15|     722|5|0.03000|  772273.020|
ENDENDEND
