[ETF]
Fundid1=513881
CreationRedemptionUnit=500000
MaxCashRatio=1.00000
Publish=1
CreationRedemption=1
Recordnum=1
EstimateCashComponent=-341.06
TradingDay=20200430
PreTradingDay=20200429
CashComponent=-341.06
NAVperCU=473046.34
NAV=0.9461
TAGTAG
1346  |1346    |     349|5|0.10000|  473387.400|
ENDENDEND
