[ETF]
Fundid1=513801
CreationRedemptionUnit=400000
MaxCashRatio=1.00000
Publish=1
CreationRedemption=1
Recordnum=1
EstimateCashComponent=320.86
TradingDay=20200430
PreTradingDay=20200429
CashComponent=320.86
NAVperCU=395082.13
NAV=0.9877
TAGTAG
1473  |ONE ETF |    4030|5|0.10000|  394761.270|
ENDENDEND
