[ETF]
Fundid1=513521
CreationRedemptionUnit=400000
MaxCashRatio=1.00000
Publish=1
CreationRedemption=1
Recordnum=1
EstimateCashComponent=433.78
TradingDay=20200430
PreTradingDay=20200429
CashComponent=433.78
NAVperCU=387159.24
NAV=0.9679
TAGTAG
1321JP|»’æ≠225 |     284|5|0.10000|  386725.460|
ENDENDEND
