[ETF]
Fundid1=513001
CreationRedemptionUnit=500000
MaxCashRatio=1.00000
Publish=1
CreationRedemption=1
Recordnum=1
EstimateCashComponent=-326.11
TradingDay=20200430
PreTradingDay=20200429
CashComponent=-326.11
NAVperCU=485149.77
NAV=0.9703
TAGTAG
1330  |1330    |     356|5|0.10000|  485475.880|
ENDENDEND
