[ETF]
Fundid1=518801
CreationRedemptionUnit=300000
MaxCashRatio=1.00000
Publish=1
CreationRedemption=1
Recordnum=1
EstimateCashComponent=-26649.49
TradingDay=20200430
PreTradingDay=20200429
CashComponent=-26649.49
NAVperCU=1107650.51
NAV=3.6922
TAGTAG
AU9999|»Æ½ð9999|    3000|5|0.10000| 1134300.000|
ENDENDEND
